     A      R    N     D     C     Q     E     G    H    I    L   K   M   F   P   S   T   W   Y   V
A  -0.12
R   0.24  0.19
N   0.15  0.10 -0.06
D   0.27 -0.24  0.02  0.29
C  -0.33  0.08 -0.01  0.12 -1.19
Q   0.22  0.09  0.06  0.24 -0.07  0.20
E   0.38 -0.22  0.12  0.44  0.20  0.27  0.46
G  -0.08  0.09 -0.01  0.11 -0.31  0.13  0.32 -0.29
H   0.07  0.05  0.00 -0.10 -0.36  0.15  0.00  0.00 -0.40
I  -0.37  0.00  0.14  0.22 -0.64 -0.01  0.17 -0.13 -0.13 -0.74
L  -0.38 -0.04  0.04  0.27 -0.65 -0.04  0.17 -0.16 -0.18 -0.81 -0.84
K   0.41  0.66  0.22 -0.01  0.33  0.28 -0.06  0.29  0.38  0.24  0.22  0.76
M  -0.27  0.03  0.04  0.30 -0.61 -0.06  0.12 -0.17 -0.29 -0.66 -0.70  0.29 -0.70
F  -0.36 -0.05 -0.01  0.18 -0.67 -0.11  0.14 -0.19 -0.34 -0.73 -0.80  0.19 -0.83 -0.88
P   0.15  0.17  0.18  0.33 -0.18  0.17  0.37  0.02  0.01 -0.05 -0.12  0.47 -0.13 -0.19  0.11
S   0.10  0.16  0.09  0.10 -0.13  0.22  0.18 -0.01  0.04  0.03 -0.02  0.36  0.05 -0.12  0.20  0.05
T   0.04  0.11  0.04  0.11 -0.15  0.12  0.16 -0.04 -0.03 -0.15 -0.15  0.33 -0.11 -0.15  0.13  0.04  0.03
W  -0.27 -0.21 -0.10  0.07 -0.66 -0.02  0.00 -0.25 -0.37 -0.60 -0.62  0.09 -0.73 -0.68 -0.37 -0.01 -0.02 -0.64
Y  -0.20 -0.25 -0.11 -0.07 -0.39 -0.14 -0.08 -0.22 -0.30 -0.49 -0.55 -0.05 -0.56 -0.58 -0.25 -0.08 -0.09 -0.49 -0.45
V  -0.32  0.08  0.12  0.36 -0.59  0.08  0.26 -0.15 -0.06 -0.67 -0.74  0.29 -0.51 -0.67 -0.05  0.04 -0.07 -0.51 -0.38 -0.65
