  A      R    N     D     C     Q     E     G    H    I    L   K   M   F   P   S   T   W   Y   V
A -299
R 69   193
N 114   236    66
D 141    97   241   330
C -252   -89  -161    70 -1238
Q 258   170   467   549   141   591
E 110   277   244   355   -40   474   236
G -171    59     9   119  -312   296    92  -212
H -75   107    64    55  -437   194   159  -112  -333
I -169    88   149   219  -344   294   175   -75   -68  -624
L -122    70   231   300  -336   360   193   -36   -44  -537  -588
K 225   521   322   176    97   250   483   247   387   233   295   447
M -149    62   123   227  -371   307   134  -112  -164  -448  -364   297  -515
F -252   -32    -6    99  -531   185    76  -114  -252  -522  -468   130  -470  -639
P 42    73   140   205  -149   319   160    -3    -3   120    74   306   -12   -45    16
S -33   150    84   225  -300   397   178   -64   -11    -8    61   291    11  -117   111   -38
T -70   143   119   233  -292   359   197   -75   -22   -86   -28   308   -80  -175   109    33    25
W -213   -54   -85    60  -526   164   -28  -147  -263  -259  -291   187  -329  -525  -208   -97  -158  -653
Y -165    10   -31   -42  -411   137    63  -142  -232  -315  -267   148  -356  -498  -106  -110  -139  -421  -460
V -243    50   152   174  -347   254   132  -144  -124  -416  -388   215  -360  -477    58   -35  -112  -287  -308  -361
